$ 1 0.000002 10.200776985444222 50 5 43 5e-11
v 160 368 160 208 0 0 40 12 0 0 0.5
w 160 208 272 208 0
w 160 208 496 208 0
w 160 368 272 368 0
w 272 368 496 368 0
g 160 368 160 400 0 0
r 272 208 272 256 0 16
l 272 256 272 304 0 0.045 0
w 272 304 272 320 0
f 272 368 272 320 1 1.5 0.02
w 240 336 208 336 0
R 208 336 160 336 0 2 100 5 0 0 0.5
d 272 320 352 320 2 0.8
z 352 208 352 320 0 36
w 352 208 272 208 0
r 496 208 496 256 0 16
l 496 256 496 304 0 0.045 0
w 496 304 496 320 0
f 496 368 496 320 1 1.5 0.02
w 464 336 432 336 0
w 432 336 208 336 0
d 496 320 544 320 2 0.8
w 544 320 544 208 0
w 544 208 496 208 0
x 220 185 380 185 4 14 AGRI-WATT Active Zener Snubber (0.29ms Snap-Shut)
x 460 185 600 185 4 14 Baseline Standard Flyback Diode (4.61ms Slow Decay)
o 7 64 0 4099 20 0.05 0 2 7 3
o 18 64 0 4099 20 0.05 1 2 18 3
o 6 64 0 4099 1 0.0005 2 1 6
o 17 64 0 4099 1 0.0005 3 1 17
